You are attempting to use Flash Attention 2.0 with a model not initialized on GPU. Make sure to move the model to GPU after initializing it on CPU with `model.to('cuda')`.
Loading checkpoint shards:   0%|          | 0/3 [00:00<?, ?it/s]Loading checkpoint shards:  67%|██████▋   | 2/3 [00:01<00:00,  1.71it/s]Loading checkpoint shards: 100%|██████████| 3/3 [00:01<00:00,  1.74it/s]Loading checkpoint shards: 100%|██████████| 3/3 [00:01<00:00,  1.73it/s]
/vol/bitbucket/al4624/anaconda3/envs/YuE_finetune/lib/python3.10/site-packages/torch/nn/utils/weight_norm.py:134: FutureWarning: `torch.nn.utils.weight_norm` is deprecated in favor of `torch.nn.utils.parametrizations.weight_norm`.
  WeightNorm.apply(module, name, dim)
Stage1 inference...:   0%|          | 0/3 [00:00<?, ?it/s]The attention mask is not set and cannot be inferred from input because pad token is same as eos token. As a consequence, you may observe unexpected behavior. Please pass your input's `attention_mask` to obtain reliable results.
Stage1 inference...:  67%|██████▋   | 2/3 [02:16<01:08, 68.04s/it]Stage1 inference...: 100%|██████████| 3/3 [05:58<00:00, 132.24s/it]Stage1 inference...: 100%|██████████| 3/3 [05:58<00:00, 119.40s/it]
[DEBUG] max_new_tokens is set to 1506
[DEBUG] codec ids: [45779 32016 46067 46001 45565 32016 32016 45501 45501 46075 46075 45501
 45653 46075 46075 45653 45501 46075 46075 45501 45501 46075 46075 45501
 45501 46075 46075 45501 45501 45430 45430 45430 45430 46075 46075 46075
 46075 46075 46075 46075 46075 46075 46075 46075 46075 46075 46075 46075
 46075 46075 46075 46075 46075 46075 46075 46075 46075 46075 46075 46075
 46075 46075 46075 46075 46075 46075 46075 46075 46075 46075 46075 46075
 46075 46075 46075 46075 46075 46075 46075 46075 46075 46075 46075 46075
 46075 46075 46075 46075 46075 46075 46075 46075 46075 46075 46075 46075
 46075 46075 46075 46075 46075 46075 46075 46075 46075 46075 46075 46075
 46075 46075 46075 46075 46075 46075 46075 46075 46075 46075 46075 46075
 46075 46075 46075 46075 46075 46075 46075 46075 46075 46075 46075 46075
 46075 46075 46075 46075 46075 46075 46075 46075 46075 46075 46075 46075
 46075 46075 46075 46075 46075 46075 46075 46075 46075 46075 46075 46075
 46075 46075 46075 46075 46075 46075 46075 46075 46075 46075 46075 46075
 46075 46075 46075 46075 46075 46075 46075 46075 46075 46075 46075 46075
 46075 46075 46075 46075 46075 46075 46075 46075 46075 46075 46075 46075
 46075 46075 46075 46075 46075 46075 46075 46075 46075 46075 46075 46075
 46075 46075 46075 46075 46075 46075 46075 46075 46075 46075 46075 46075
 46075 46075 46075 46075 46075 46075 46075 46075 46075 46075 46075 46075
 46075 46075 46075 46075 46075 46075 46075 46075 46075 46075 46075 46075
 46075 46075 46075 46075 46075 46075 46075 46075 46075 46075 46075 46075
 46075 46075 46075 46075 46075 46075 46075 46075 46075 46075 46075 46075
 46075 46075 46075 46075 46075 46075 46075 46075 46075 46075 46075 46075
 46075 46075 46075 46075 46075 46075 46075 46075 46075 46075 46075 46075
 46075 46075 46075 46075 46075 46075 46075 46075 46075 46075 46075 46075
 46075 46075 46075 46075 46075 46075 46075 46075 46075 46075 46075 46075
 46075 46075 46075 46075 46075 46075 46075 46075 46075 46075 46075 46075
 46075 46075 46075 46075 46075 46075 46075 46075 46075 46075 46075 46075
 46075 46075 46075 46075 46075 46075 46075 46075 46075 46075 46075 46075
 46075 46075 46075 46075 46075 46075 46075 46075 46075 46075 46075 46075
 46075 46075 46075 46075 46075 46075 46075 46075 46075 46075 46075 46075
 46075 46075 46075 46075 46075 46075 46075 46075 46075 46075 46075 46075
 46075 46075 46075 46075 46075 46075 46075 46075 46075 46075 46075 46075
 46075 46075 46075 46075 46075 46075 46075 46075 46075 46075 46075 46075
 46075 46075 46075 46075 46075 46075 46075 46075 46075 46075 46075 46075
 46075 46075 46075 46075 46075 46075 46075 46075 46075 46075 46075 46075
 46075 46075 46075 46075 46075 46075 46075 46075 46075 46075 46075 46075
 46075 46075 46075 46075 46075 46075 46075 46075 46075 46075 46075 46075
 46075 46075 46075 46075 46075 46075 46075 46075 46075 46075 46075 46075
 46075 46075 46075 46075 46075 46075 46075 46075 46075 46075 46075 46075
 46075 46075 46075 46075 46075 46075 46075 52488 46075 46013 46075 46075
 46075 46075 46075 46075 46075 46075 46075 75735 46075 46013 46075 46075
 46075 46075 46075 46075 46075 46075 46075 46075 46075 46075 46075 46075
 46075 46075 38084 46075 46075 46006 46075 46075 44765 46075 46075 46268
 46075 58843 46075 32016 46075 46075 46075 46075 46075 46075 46075 46075
 46075 46075 46075 46075 46075 46075 46075 46075 46075 46075 46075 46075
 46075 46075 46075 46075 46075 46075 46075 46210 46075 45652 46075 46075
 46075 46075 46075 46075 46075 46075 46075 46075 46075 46075 46075 46075
 46075 46075 46075 46075 46075 46075 46075 46075 46075 46075 46075 46075
 46075 46075 46075 46075 46075 46075 46075 46075 46075 46075 46075 46075
 46075 46075 46075 46075 46075 46075 46075 46075 46075 46075 46075 46075
 46075 46075 46075 46075 46075 46075 46075 46075 46075 46075 46075 46075
 46075 46075 46075 46075 46075 46075 46075 46075 46075 46075 46075 41485
 46075 46075 46075 46075 46075 57900 46075 46075 45793 46075 64923 46075
 46143 46075 46075 46075 46075 42184 46075 46075 46075 46075 63992 46075
 57886 46075 46075 46075 82384 46075 70941 46075 79949 46075 47132 46075
 32016 46075 46075 46075 46075 46075 46075 46075 46075 46075 46075 46075
 46075 46075 46075 46075 46075 46075 46075 46075 46075 53894 46075 46075
 46075 42600 46075 46075 73716 46075 42265 46075 57635 46075 46075 45281
 46075 40039 46075 38193 46075 63535 46075 59405 46075 83529 46075 43292
 46075 32016 46075 46075 46075 46075 46075 46075 46075 46075 46075 46075
 46075 51080 46075 46075 46075 45378 46075 46075 46075 46075 46075 46075
 46075 46075 46075 46075 46075 46075 46075 46075 46075 46075 46075 46075
 46075 46075 46075 46075 46075 46075 46075 45964 46075 39714 46075 36269
 46075 46075 59991 46075 45517 46075 46075 46075 46075 46075 46075 46075
 46075 46075 46075 46075 46075 46075 46075 46075 46075 46075 46075 46075
 46075 46075 46075 46075 46075 46075 46075 46075 46075 46075 46075 46075
 46075 46075 46075 46075 46075 46075 46075 46075 46075 46075 46075 46075
 46075 46075 46210 46075 32016 46075 46075 46075 46075 40589 46075 46075
 46075 46075 46075 46075 46075 46075 46075 46075 46075 46075 46075 46075
 46075 63901 46075 46075 46075 46349 46075 46075 46075 46237 46075 38518
 46075 56264 46075 32016 46075 46075 46075 46075 46075 46075 46075 45890
 46075 46075 46075 46075 46075 46075 46075 46075 46075 46075 46075 46075
 46075 45583 46075 46075 46075 46075 46075 46075 46075 46075 46075 46075
 46075 46075 46075 46075 46075 46075 46075 46075 46075 46075 46075 46075
 46075 46075 46075 46075 46075 46075 46075 46075 46075 46075 46075 46075
 46075 46075 46075 46075 46075 46075 46075 45723]
[DEBUG] codec shape: 920
Traceback (most recent call last):
  File "/homes/al4624/Documents/YuE_finetune/YuE_finetune_trans_gen/inference/infer.py", line 304, in <module>
    vocals_ids = codectool.ids2npy(rearrange(codec_ids,"(n b) -> b n", b=2)[0])
  File "/homes/al4624/Documents/YuE_finetune/YuE_finetune_trans_gen/inference/codecmanipulator.py", line 188, in ids2npy
    data = self.unoffset_tok_ids(
  File "/homes/al4624/Documents/YuE_finetune/YuE_finetune_trans_gen/inference/codecmanipulator.py", line 105, in unoffset_tok_ids
    assert x.max() < global_offset + codebook_size * num_codebooks, f"max(x)={x.max()}, codebook_size={codebook_size}"
AssertionError: max(x)=82384, codebook_size=1024
